0 1 0 1
1 2 0 1
2 3 0 1
3 4 0 1
4 5 0 1
5 7 0 1
6 8 0 1
7 9 0 1
8 4 1 2
9 10 0 2
10 11 0 2
11 12 0 2
12 13 0 2
13 14 0 2
14 15 0 2
15 16 0 2
16 17 0 2
17 18 0 2
18 19 0 2
19 12 1 3
20 13 1 3
21 14 1 3
22 15 1 3
23 20 0 3
24 21 0 3
25 23 0 3
26 24 0 3
27 26 0 3
28 27 0 3
29 28 0 3
30 29 0 3
31 24 1 4
32 27 1 4
33 29 1 4
34 30 0 4
35 31 0 4
36 32 0 4
37 33 0 4
38 34 0 4
39 35 0 4
40 37 0 4
41 38 0 4
42 39 0 4
43 31 1 5
44 32 1 5
45 40 0 5
46 41 0 5
47 42 0 5
48 43 0 5
49 44 0 5
50 45 0 5
51 46 0 5
52 47 0 5
53 48 0 5
54 49 0 5
55 44 1 6
56 50 0 6
57 51 0 6
58 52 0 6
59 53 0 6
60 54 0 6
61 55 0 6
62 57 0 6
63 58 0 6
64 59 0 6
65 51 1 7
66 54 1 7
67 60 0 7
68 61 0 7
69 62 0 7
70 63 0 7
71 64 0 7
72 65 0 7
73 66 0 7
74 67 0 7
75 69 0 7
76 63 1 8
77 67 1 8
78 69 1 8
79 70 0 8
80 71 0 8
81 72 0 8
82 73 0 8
83 74 0 8
84 75 0 8
85 76 0 8
86 77 0 8
87 78 0 8
88 79 0 8
89 71 1 9
90 79 1 9
91 80 0 9
92 81 0 9
93 82 0 9
94 83 0 9
95 84 0 9
96 85 0 9
97 86 0 9
98 87 0 9
99 88 0 9
100 89 0 9
101 90 0 10
102 91 0 10
103 92 0 10
104 93 0 10
105 94 0 10
106 95 0 10
107 96 0 10
108 97 0 10
109 98 0 10
110 99 0 10
111 90 1 11
112 99 1 11
113 100 0 11
114 101 0 11
115 102 0 11
116 103 0 11
117 104 0 11
118 105 0 11
119 106 0 11
120 107 0 11
121 108 0 11
122 109 0 11
123 104 1 12
124 105 1 12
125 110 0 12
126 111 0 12
127 112 0 12
128 113 0 12
129 114 0 12
130 115 0 12
131 116 0 12
132 117 0 12
133 118 0 12
134 119 0 12
135 111 1 13
136 112 1 13
137 117 1 13
138 120 0 13
139 121 0 13
140 122 0 13
141 123 0 13
142 124 0 13
143 125 0 13
144 127 0 13
145 128 0 13
146 129 0 13
147 123 1 14
148 125 1 14
149 130 0 14
150 131 0 14
151 132 0 14
152 133 0 14
153 134 0 14
154 135 0 14
155 136 0 14
156 137 0 14
157 138 0 14
158 139 0 14
159 130 1 15
160 136 1 15
161 140 0 15
162 141 0 15
163 142 0 15
164 143 0 15
165 144 0 15
166 145 0 15
167 146 0 15
168 147 0 15
169 148 0 15
170 149 0 15
171 142 1 16
172 144 1 16
173 148 1 16
174 150 0 16
175 151 0 16
176 152 0 16
177 153 0 16
178 154 0 16
179 155 0 16
180 156 0 16
181 157 0 16
182 158 0 16
183 159 0 16
184 154 1 17
185 156 1 17
186 160 0 17
187 161 0 17
188 162 0 17
189 163 0 17
190 164 0 17
191 165 0 17
192 166 0 17
193 167 0 17
194 168 0 17
195 169 0 17
196 163 1 18
197 166 1 18
198 168 1 18
199 170 0 18
200 171 0 18
201 172 0 18
202 173 0 18
203 176 0 18
204 177 0 18
205 178 0 18
206 179 0 18
207 177 1 19
208 180 0 19
209 181 0 19
210 182 0 19
211 183 0 19
212 184 0 19
213 185 0 19
214 186 0 19
215 187 0 19
216 188 0 19
217 189 0 19
218 181 1 20
219 182 1 20
220 184 1 20
221 190 0 20
222 191 0 20
223 192 0 20
224 193 0 20
225 194 0 20
226 195 0 20
227 196 0 20
228 197 0 20
229 198 0 20
230 199 0 20
231 192 1 21
232 198 1 21
233 200 0 21
234 201 0 21
235 202 0 21
236 203 0 21
237 204 0 21
238 205 0 21
239 206 0 21
240 207 0 21
241 208 0 21
242 203 1 22
243 210 0 22
244 212 0 22
245 213 0 22
246 214 0 22
247 215 0 22
248 216 0 22
249 217 0 22
250 218 0 22
251 219 0 22
252 210 1 23
253 220 0 23
254 221 0 23
255 222 0 23
256 223 0 23
257 224 0 23
258 225 0 23
259 228 0 23
260 229 0 23
261 223 1 24
262 230 0 24
263 231 0 24
264 233 0 24
265 234 0 24
266 235 0 24
267 236 0 24
268 237 0 24
269 238 0 24
270 239 0 24
271 235 1 25
272 238 1 25
273 240 0 25
274 241 0 25
275 242 0 25
276 243 0 25
277 244 0 25
278 246 0 25
279 247 0 25
280 248 0 25
281 249 0 25
282 240 1 26
283 249 1 26
284 250 0 26
285 252 0 26
286 253 0 26
287 254 0 26
288 256 0 26
289 257 0 26
290 258 0 26
291 259 0 26
292 253 1 27
293 257 1 27
294 260 0 27
295 261 0 27
296 262 0 27
297 263 0 27
298 264 0 27
299 265 0 27
300 266 0 27
301 268 0 27
302 269 0 27
303 260 1 28
304 261 1 28
305 265 1 28
306 270 0 28
307 271 0 28
308 272 0 28
309 273 0 28
310 274 0 28
311 275 0 28
312 278 0 28
313 279 0 28
314 270 1 29
315 280 0 29
316 281 0 29
317 282 0 29
318 283 0 29
319 284 0 29
320 286 0 29
321 287 0 29
322 288 0 29
323 289 0 29
324 288 1 30
325 289 1 30
326 290 0 30
327 291 0 30
328 292 0 30
329 293 0 30
330 294 0 30
331 295 0 30
332 296 0 30
333 297 0 30
334 298 0 30
335 299 0 30
336 290 1 31
337 291 1 31
338 292 1 31
339 295 1 31
340 296 1 31
341 300 0 31
342 301 0 31
343 302 0 31
344 303 0 31
345 304 0 31
346 305 0 31
347 307 0 31
348 308 0 31
349 300 1 32
350 305 1 32
351 308 1 32
352 310 0 32
353 311 0 32
354 312 0 32
355 313 0 32
356 314 0 32
357 315 0 32
358 316 0 32
359 317 0 32
360 318 0 32
361 319 0 32
362 312 1 33
363 316 1 33
364 318 1 33
365 321 0 33
366 322 0 33
367 323 0 33
368 324 0 33
369 325 0 33
370 326 0 33
371 327 0 33
372 328 0 33
373 329 0 33
374 323 1 34
375 329 1 34
376 330 0 34
377 331 0 34
378 333 0 34
379 334 0 34
380 335 0 34
381 336 0 34
382 337 0 34
383 338 0 34
384 339 0 34
385 338 1 35
386 340 0 35
387 341 0 35
388 342 0 35
389 343 0 35
390 344 0 35
391 345 0 35
392 346 0 35
393 347 0 35
394 348 0 35
395 349 0 35
396 343 1 36
397 349 1 36
398 350 0 36
399 351 0 36
400 352 0 36
401 353 0 36
402 354 0 36
403 355 0 36
404 356 0 36
405 358 0 36
406 359 0 36
407 353 1 37
408 360 0 37
409 361 0 37
410 362 0 37
411 363 0 37
412 364 0 37
413 365 0 37
414 366 0 37
415 367 0 37
416 368 0 37
417 362 1 38
418 363 1 38
419 368 1 38
420 370 0 38
421 371 0 38
422 373 0 38
423 374 0 38
424 376 0 38
425 377 0 38
426 378 0 38
427 379 0 38
428 373 1 39
429 374 1 39
430 380 0 39
431 381 0 39
432 384 0 39
433 385 0 39
434 386 0 39
435 387 0 39
436 388 0 39
437 389 0 39
438 381 1 40
439 386 1 40
440 387 1 40
441 388 1 40
442 390 0 40
443 392 0 40
444 393 0 40
445 394 0 40
446 395 0 40
447 396 0 40
448 397 0 40
449 398 0 40
450 399 0 40
451 390 1 41
452 392 1 41
453 397 1 41
454 398 1 41
455 400 0 41
456 401 0 41
457 402 0 41
458 404 0 41
459 405 0 41
460 406 0 41
461 407 0 41
462 408 0 41
463 409 0 41
464 402 1 42
465 406 1 42
466 409 1 42
467 410 0 42
468 411 0 42
469 412 0 42
470 413 0 42
471 414 0 42
472 415 0 42
473 416 0 42
474 417 0 42
475 418 0 42
476 419 0 42
477 416 1 43
478 420 0 43
479 421 0 43
480 422 0 43
481 423 0 43
482 425 0 43
483 426 0 43
484 427 0 43
485 428 0 43
486 429 0 43
487 422 1 44
488 428 1 44
489 430 0 44
490 431 0 44
491 432 0 44
492 433 0 44
493 434 0 44
494 435 0 44
495 436 0 44
496 437 0 44
497 438 0 44
498 439 0 44
499 432 1 45
500 437 1 45
501 440 0 45
502 441 0 45
503 442 0 45
504 443 0 45
505 444 0 45
506 445 0 45
507 446 0 45
508 447 0 45
509 448 0 45
510 449 0 45
511 441 1 46
512 443 1 46
513 445 1 46
514 450 0 46
515 451 0 46
516 452 0 46
517 453 0 46
518 455 0 46
519 456 0 46
520 457 0 46
521 458 0 46
522 459 0 46
523 455 1 47
524 459 1 47
525 460 0 47
526 461 0 47
527 462 0 47
528 463 0 47
529 464 0 47
530 465 0 47
531 466 0 47
532 467 0 47
533 468 0 47
534 463 1 48
535 465 1 48
536 468 1 48
537 470 0 48
538 471 0 48
539 472 0 48
540 473 0 48
541 474 0 48
542 475 0 48
543 476 0 48
544 477 0 48
545 478 0 48
546 479 0 48
547 473 1 49
548 474 1 49
549 478 1 49
550 480 0 49
551 481 0 49
552 482 0 49
553 483 0 49
554 484 0 49
555 485 0 49
556 486 0 49
557 487 0 49
558 488 0 49
559 489 0 49
560 487 1 50
561 490 0 50
562 491 0 50
563 492 0 50
564 493 0 50
565 494 0 50
566 495 0 50
567 496 0 50
568 497 0 50
569 498 0 50
570 499 0 50
571 490 1 51
572 491 1 51
573 497 1 51
574 500 0 51
575 501 0 51
576 502 0 51
577 503 0 51
578 504 0 51
579 505 0 51
580 506 0 51
581 507 0 51
582 508 0 51
583 509 0 51
584 500 1 52
585 506 1 52
586 509 1 52
587 510 0 52
588 511 0 52
589 512 0 52
590 513 0 52
591 514 0 52
592 515 0 52
593 516 0 52
594 517 0 52
595 518 0 52
596 519 0 52
597 513 1 53
598 520 0 53
599 521 0 53
600 522 0 53
601 523 0 53
602 524 0 53
603 525 0 53
604 526 0 53
605 527 0 53
606 529 0 53
607 530 0 54
608 531 0 54
609 532 0 54
610 533 0 54
611 534 0 54
612 535 0 54
613 536 0 54
614 537 0 54
615 538 0 54
616 539 0 54
617 537 1 55
618 540 0 55
619 542 0 55
620 543 0 55
621 545 0 55
622 546 0 55
623 547 0 55
624 548 0 55
625 549 0 55
626 542 1 56
627 545 1 56
628 546 1 56
629 550 0 56
630 552 0 56
631 554 0 56
632 555 0 56
633 556 0 56
634 557 0 56
635 558 0 56
636 559 0 56
637 556 1 57
638 558 1 57
639 559 1 57
640 560 0 57
641 561 0 57
642 562 0 57
643 563 0 57
644 564 0 57
645 566 0 57
646 567 0 57
647 568 0 57
648 569 0 57
649 560 1 58
650 563 1 58
651 568 1 58
652 569 1 58
653 571 0 58
654 572 0 58
655 573 0 58
656 574 0 58
657 575 0 58
658 579 0 58
659 572 1 59
660 574 1 59
661 575 1 59
662 580 0 59
663 582 0 59
664 583 0 59
665 584 0 59
666 586 0 59
667 587 0 59
668 588 0 59
669 591 0 60
670 592 0 60
671 593 0 60
672 594 0 60
673 595 0 60
674 596 0 60
675 597 0 60
676 598 0 60
677 599 0 60
678 592 1 61
679 594 1 61
680 597 1 61
