0 3000 300001 79 0
1 7000 700003 27 0
2 2000 200001 97 0
3 5000 500002 88 0
4 6000 600003 59 0
5 6000 600002 77 0
6 3000 300001 33 0
7 7000 700002 87 0
8 9000 900001 93 0
9 3000 300003 29 0
10 8000 800002 14 1
11 5000 500001 75 1
12 7000 700002 67 1
13 3000 300002 57 1
14 6000 600003 78 1
15 7000 700002 79 1
16 9000 900001 98 1
17 5000 500001 40 1
18 8000 800002 52 1
19 1000 100003 15 1
20 3000 300001 38 2
21 6000 600002 36 2
22 5000 500003 72 2
23 7000 700001 16 2
24 6000 600001 40 2
25 6000 600002 99 2
26 9000 900003 22 2
27 1000 100002 20 2
28 3000 300002 47 2
29 5000 500002 96 2
30 1000 100001 69 3
31 7000 700003 59 3
32 3000 300001 22 3
33 1000 100003 86 3
34 1000 100001 59 3
35 2000 200001 73 3
36 3000 300003 55 3
37 4000 400001 55 3
38 6000 600001 73 3
39 9000 900002 56 3
40 5000 500002 69 4
41 2000 200002 23 4
42 2000 200002 57 4
43 7000 700003 94 4
44 5000 500003 38 4
45 3000 300002 59 4
46 3000 300001 94 4
47 1000 100002 58 4
48 8000 800001 78 4
49 1000 100003 16 4
50 3000 300003 98 5
51 2000 200003 46 5
52 7000 700001 74 5
53 1000 100003 89 5
54 8000 800003 75 5
55 1000 100002 25 5
56 7000 700003 42 5
57 2000 200001 52 5
58 6000 600002 15 5
59 6000 600002 49 5
60 9000 900001 27 6
61 7000 700002 97 6
62 2000 200003 92 6
63 7000 700002 93 6
64 7000 700003 25 6
65 4000 400002 23 6
66 5000 500001 97 6
67 7000 700003 46 6
68 1000 100002 44 6
69 6000 600002 25 6
70 9000 900001 35 7
71 9000 900002 38 7
72 9000 900003 87 7
73 8000 800001 61 7
74 9000 900001 61 7
75 8000 800002 42 7
76 4000 400001 54 7
77 8000 800003 58 7
78 3000 300002 64 7
79 9000 900003 96 7
80 6000 600003 24 8
81 4000 400002 29 8
82 9000 900002 79 8
83 4000 400001 97 8
84 9000 900002 72 8
85 8000 800001 51 8
86 2000 200001 16 8
87 5000 500002 10 8
88 1000 100001 35 8
89 5000 500001 55 8
90 4000 400002 16 9
91 1000 100001 51 9
92 7000 700001 49 9
93 2000 200001 10 9
94 7000 700002 17 9
95 5000 500003 42 9
96 7000 700003 38 9
97 4000 400002 43 9
98 6000 600002 18 9
99 4000 400002 33 9
100 3000 300003 60 10
101 9000 900003 60 10
102 3000 300002 20 10
103 8000 800001 35 10
104 9000 900002 70 10
105 2000 200003 65 10
106 8000 800001 89 10
107 3000 300002 90 10
108 5000 500003 98 10
109 9000 900002 10 10
110 6000 600001 23 11
111 6000 600001 95 11
112 8000 800002 14 11
113 2000 200001 56 11
114 7000 700001 57 11
115 4000 400003 87 11
116 5000 500002 17 11
117 5000 500003 92 11
118 4000 400002 14 11
119 8000 800001 26 11
120 7000 700001 16 12
121 2000 200002 37 12
122 5000 500003 68 12
123 6000 600003 71 12
124 8000 800002 62 12
125 9000 900002 10 12
126 1000 100003 70 12
127 2000 200001 15 12
128 9000 900003 61 12
129 6000 600002 11 12
130 3000 300003 44 13
131 8000 800003 26 13
132 7000 700002 46 13
133 2000 200003 54 13
134 2000 200002 70 13
135 1000 100002 64 13
136 8000 800002 92 13
137 7000 700001 76 13
138 5000 500003 76 13
139 4000 400001 38 13
140 9000 900001 85 14
141 9000 900003 53 14
142 7000 700001 34 14
143 5000 500003 30 14
144 2000 200001 26 14
145 2000 200003 19 14
146 5000 500003 74 14
147 6000 600001 74 14
148 2000 200002 40 14
149 6000 600002 78 14
150 3000 300003 21 15
151 3000 300002 87 15
152 9000 900003 27 15
153 6000 600003 73 15
154 9000 900003 81 15
155 5000 500002 39 15
156 3000 300002 48 15
157 4000 400003 96 15
158 4000 400003 11 15
159 4000 400003 81 15
160 7000 700001 92 16
161 5000 500001 78 16
162 3000 300002 98 16
163 1000 100002 52 16
164 7000 700001 50 16
165 4000 400002 92 16
166 8000 800002 81 16
167 9000 900001 94 16
168 3000 300003 94 16
169 8000 800001 88 16
170 3000 300002 87 17
171 3000 300001 24 17
172 9000 900003 68 17
173 7000 700002 95 17
174 2000 200002 60 17
175 4000 400002 62 17
176 6000 600001 62 17
177 1000 100003 39 17
178 7000 700002 38 17
179 8000 800001 52 17
180 5000 500003 68 18
181 7000 700001 85 18
182 7000 700003 76 18
183 9000 900001 54 18
184 9000 900001 50 18
185 9000 900003 20 18
186 2000 200001 98 18
187 3000 300001 99 18
188 5000 500002 95 18
189 1000 100001 97 18
190 7000 700001 84 19
191 5000 500001 15 19
192 1000 100003 44 19
193 8000 800002 24 19
194 3000 300003 67 19
195 5000 500001 50 19
196 6000 600003 38 19
197 5000 500003 86 19
198 5000 500003 62 19
199 5000 500002 27 19
200 4000 400003 19 20
201 2000 200002 12 20
202 3000 300001 41 20
203 1000 100003 55 20
204 7000 700001 64 20
205 7000 700001 84 20
206 4000 400003 99 20
207 9000 900002 28 20
208 3000 300003 39 20
209 7000 700002 47 20
210 5000 500001 43 21
211 8000 800003 12 21
212 5000 500001 97 21
213 7000 700001 34 21
214 6000 600002 56 21
215 5000 500002 53 21
216 8000 800002 18 21
217 7000 700001 95 21
218 3000 300002 22 21
219 5000 500003 60 21
220 5000 500003 87 22
221 9000 900001 38 22
222 6000 600002 16 22
223 2000 200003 62 22
224 6000 600002 39 22
225 2000 200001 52 22
226 3000 300001 92 22
227 2000 200003 74 22
228 4000 400003 86 22
229 7000 700002 20 22
230 2000 200002 92 23
231 3000 300002 44 23
232 9000 900002 17 23
233 8000 800002 79 23
234 1000 100001 87 23
235 1000 100003 42 23
236 3000 300003 92 23
237 8000 800002 80 23
238 9000 900002 63 23
239 8000 800001 56 23
240 4000 400003 96 24
241 1000 100001 37 24
242 1000 100001 77 24
243 8000 800003 65 24
244 2000 200002 79 24
245 2000 200003 43 24
246 4000 400002 97 24
247 1000 100002 85 24
248 3000 300002 52 24
249 2000 200002 15 24
250 6000 600001 83 25
251 6000 600003 66 25
252 2000 200003 41 25
253 6000 600002 27 25
254 1000 100002 29 25
255 1000 100002 91 25
256 2000 200003 37 25
257 4000 400001 96 25
258 3000 300002 89 25
259 9000 900001 79 25
260 6000 600001 95 26
261 3000 300001 40 26
262 4000 400001 90 26
263 9000 900003 98 26
264 7000 700002 11 26
265 5000 500002 97 26
266 8000 800003 80 26
267 8000 800002 24 26
268 8000 800003 88 26
269 6000 600003 93 26
270 1000 100002 13 27
271 6000 600001 97 27
272 2000 200002 44 27
273 9000 900001 75 27
274 7000 700001 65 27
275 9000 900003 35 27
276 3000 300001 74 27
277 9000 900001 73 27
278 4000 400003 55 27
279 2000 200002 91 27
280 8000 800002 29 28
281 7000 700001 52 28
282 8000 800002 19 28
283 2000 200002 65 28
284 5000 500001 35 28
285 8000 800003 84 28
286 7000 700002 74 28
287 2000 200003 58 28
288 1000 100001 79 28
289 6000 600001 89 28
290 1000 100002 18 29
291 1000 100003 13 29
292 7000 700003 32 29
293 2000 200003 41 29
294 5000 500001 61 29
295 5000 500001 38 29
296 8000 800002 24 29
297 7000 700001 92 29
298 5000 500003 97 29
299 8000 800001 74 29
300 7000 700001 36 30
301 4000 400003 14 30
302 3000 300002 41 30
303 7000 700001 27 30
304 8000 800001 70 30
305 6000 600003 27 30
306 1000 100001 68 30
307 2000 200001 94 30
308 3000 300003 12 30
309 8000 800001 67 30
310 9000 900003 80 31
311 6000 600003 27 31
312 9000 900001 29 31
313 1000 100002 11 31
314 8000 800001 62 31
315 7000 700002 92 31
316 8000 800002 71 31
317 6000 600002 38 31
318 8000 800003 34 31
319 6000 600002 15 31
320 2000 200001 32 32
321 1000 100001 39 32
322 3000 300003 94 32
323 6000 600002 73 32
324 3000 300003 95 32
325 4000 400002 28 32
326 7000 700001 17 32
327 5000 500003 67 32
328 5000 500003 90 32
329 8000 800003 68 32
330 1000 100001 82 33
331 1000 100002 86 33
332 2000 200002 43 33
333 1000 100002 22 33
334 6000 600001 75 33
335 5000 500003 86 33
336 7000 700001 62 33
337 8000 800002 52 33
338 8000 800002 85 33
339 7000 700002 31 33
340 9000 900001 34 34
341 9000 900002 12 34
342 6000 600003 99 34
343 5000 500001 87 34
344 2000 200003 39 34
345 2000 200002 79 34
346 8000 800001 31 34
347 4000 400001 16 34
348 5000 500001 97 34
349 8000 800001 99 34
350 9000 900002 81 35
351 6000 600002 71 35
352 9000 900003 19 35
353 2000 200002 40 35
354 7000 700003 96 35
355 1000 100001 31 35
356 3000 300001 13 35
357 7000 700001 94 35
358 9000 900003 35 35
359 4000 400001 37 35
360 2000 200002 49 36
361 9000 900001 64 36
362 2000 200003 50 36
363 9000 900001 49 36
364 9000 900001 22 36
365 6000 600001 19 36
366 3000 300001 61 36
367 7000 700001 82 36
368 2000 200001 93 36
369 9000 900003 71 36
370 1000 100002 56 37
371 4000 400003 70 37
372 9000 900002 53 37
373 7000 700001 52 37
374 2000 200002 58 37
375 3000 300002 42 37
376 6000 600002 21 37
377 6000 600003 37 37
378 8000 800002 81 37
379 8000 800001 98 37
380 5000 500001 42 38
381 5000 500002 29 38
382 1000 100001 57 38
383 3000 300003 46 38
384 6000 600003 84 38
385 6000 600002 12 38
386 3000 300001 11 38
387 2000 200002 27 38
388 3000 300001 71 38
389 9000 900002 44 38
390 7000 700003 52 39
391 6000 600001 83 39
392 3000 300003 50 39
393 6000 600001 81 39
394 4000 400001 14 39
395 8000 800002 50 39
396 9000 900002 21 39
397 6000 600003 48 39
398 4000 400003 78 39
399 3000 300002 49 39
400 9000 900003 63 40
401 8000 800003 45 40
402 7000 700003 76 40
403 6000 600003 74 40
404 5000 500001 35 40
405 6000 600003 64 40
406 5000 500003 84 40
407 7000 700003 25 40
408 6000 600003 51 40
409 2000 200003 46 40
410 5000 500001 73 41
411 8000 800003 27 41
412 1000 100001 70 41
413 5000 500003 72 41
414 5000 500003 31 41
415 2000 200003 21 41
416 9000 900002 64 41
417 8000 800001 97 41
418 9000 900001 46 41
419 8000 800002 16 41
420 4000 400002 89 42
421 1000 100003 51 42
422 4000 400003 89 42
423 4000 400002 18 42
424 2000 200001 47 42
425 4000 400002 46 42
426 3000 300001 25 42
427 9000 900001 75 42
428 1000 100002 24 42
429 7000 700001 96 42
430 5000 500001 85 43
431 9000 900003 37 43
432 8000 800002 11 43
433 2000 200003 37 43
434 6000 600002 33 43
435 1000 100002 49 43
436 3000 300003 70 43
437 9000 900001 15 43
438 2000 200002 10 43
439 1000 100002 30 43
440 1000 100001 27 44
441 8000 800003 57 44
442 6000 600002 34 44
443 8000 800002 12 44
444 7000 700002 21 44
445 3000 300002 68 44
446 8000 800001 82 44
447 6000 600003 54 44
448 1000 100003 85 44
449 4000 400003 47 44
450 7000 700001 29 45
451 2000 200001 64 45
452 2000 200001 22 45
453 7000 700003 13 45
454 3000 300002 53 45
455 8000 800003 32 45
456 4000 400003 61 45
457 5000 500002 95 45
458 9000 900002 91 45
459 3000 300003 57 45
460 2000 200002 87 46
461 5000 500003 94 46
462 8000 800002 34 46
463 3000 300001 59 46
464 2000 200001 69 46
465 8000 800003 15 46
466 8000 800003 24 46
467 4000 400003 81 46
468 3000 300003 67 46
469 7000 700001 71 46
470 2000 200002 69 47
471 6000 600001 92 47
472 9000 900002 55 47
473 9000 900002 12 47
474 3000 300002 73 47
475 5000 500002 12 47
476 6000 600003 41 47
477 9000 900002 65 47
478 1000 100001 81 47
479 7000 700003 76 47
480 7000 700003 43 48
481 5000 500003 49 48
482 7000 700003 85 48
483 4000 400002 52 48
484 2000 200002 98 48
485 9000 900001 94 48
486 3000 300001 39 48
487 8000 800001 47 48
488 3000 300003 36 48
489 7000 700001 14 48
490 1000 100001 58 49
491 7000 700003 54 49
492 2000 200002 81 49
493 4000 400002 67 49
494 6000 600002 53 49
495 6000 600002 38 49
496 2000 200002 33 49
497 4000 400001 70 49
498 7000 700002 17 49
499 3000 300003 58 49
500 7000 700001 93 50
501 5000 500002 21 50
502 4000 400003 45 50
503 1000 100001 77 50
504 1000 100001 14 50
505 9000 900002 51 50
506 3000 300001 50 50
507 9000 900003 17 50
508 6000 600003 57 50
509 1000 100002 64 50
510 3000 300001 58 51
511 6000 600003 96 51
512 5000 500001 46 51
513 4000 400001 31 51
514 8000 800002 95 51
515 8000 800003 64 51
516 8000 800001 78 51
517 3000 300001 25 51
518 9000 900001 58 51
519 4000 400003 67 51
520 8000 800001 96 52
521 6000 600002 98 52
522 3000 300003 26 52
523 3000 300001 71 52
524 4000 400002 92 52
525 4000 400003 52 52
526 1000 100001 36 52
527 6000 600001 29 52
528 6000 600003 27 52
529 8000 800001 42 52
530 4000 400001 37 53
531 2000 200001 39 53
532 9000 900003 59 53
533 7000 700003 12 53
534 3000 300003 70 53
535 7000 700002 66 53
536 5000 500003 64 53
537 8000 800003 97 53
538 1000 100002 33 53
539 5000 500002 86 53
540 6000 600003 55 54
541 6000 600003 26 54
542 7000 700002 16 54
543 3000 300002 83 54
544 7000 700001 24 54
545 5000 500003 98 54
546 1000 100002 71 54
547 6000 600001 31 54
548 5000 500001 44 54
549 4000 400002 70 54
550 6000 600003 63 55
551 5000 500002 16 55
552 2000 200002 35 55
553 2000 200002 28 55
554 3000 300001 91 55
555 4000 400001 21 55
556 3000 300001 80 55
557 7000 700003 26 55
558 9000 900003 41 55
559 5000 500002 87 55
560 9000 900003 72 56
561 4000 400003 42 56
562 3000 300003 24 56
563 1000 100001 16 56
564 7000 700003 91 56
565 2000 200001 39 56
566 8000 800002 28 56
567 9000 900001 88 56
568 1000 100003 75 56
569 5000 500001 79 56
570 9000 900002 81 57
571 6000 600001 65 57
572 1000 100002 55 57
573 1000 100002 73 57
574 5000 500001 73 57
575 1000 100001 47 57
576 4000 400002 96 57
577 2000 200003 31 57
578 9000 900001 53 57
579 4000 400001 15 57
580 2000 200003 79 58
581 7000 700001 72 58
582 3000 300003 92 58
583 9000 900001 80 58
584 4000 400001 81 58
585 1000 100003 33 58
586 2000 200003 68 58
587 1000 100002 73 58
588 6000 600002 34 58
589 5000 500001 41 58
590 9000 900003 47 59
591 4000 400001 30 59
592 3000 300002 78 59
593 3000 300001 68 59
594 8000 800001 54 59
595 3000 300001 69 59
596 1000 100002 93 59
597 3000 300001 42 59
598 5000 500003 12 59
599 5000 500001 45 59
